Persamaan dari interpolasi adalah
P(x) = 2.2709639761084425E8 + (-4.15842670299822E8x^1) + 3.1815008298735005E8x^2 + (-1.360032907296557E8x^3) + 3.6176040522150196E7x^4 + (-6249554.706972496x^5) + 704212.3016896694x^6 + (-50061.95607392468x^7) + 2041.9197822824858x^8 + (-36.47095768218039x^9) 
P(5.806) = 22794.691296577454